Locations

Iceland: 65.9667, -18.5333
Australia; -33.844144, 151.215751
Indonesia: 1.674435, 110.208571
Antarctica: -80.693927, 98.255446